0.19205966781118447;-0.4716350070602138;697;310
0.19809083547430206;-0.46143447328225173;1943;273
0.19066683974332335;-0.45985464729629677;713;331
0.21811067581611296;0.7854071628643702;706;325
0.21973466263281838;0.7804276074440393;672;344
0.19773114849556167;-0.4669610153466414;1046;286
0.19724937954134925;-0.47496043773862145;659;286
0.1971180486091125;-0.47044202467072727;605;353
0.1985569667637608;-0.4643827990431332;615;361
0.21591638038253141;0.7830138258316944;522;332
0.1893303046335495;-0.4792513759599987;673;322
0.18444068212066658;-0.4757087133625405;575;343
0.2407832394734721;0.7830414904283997;573;309
0.1945734950338394;-0.47884776320335193;513;348
0.19520414679190884;-0.47843582080904035;551;312
0.199070480697322;-0.47419398210124664;538;332
0.18972082483132935;-0.4839561825759399;554;290
0.20703369635238358;0.7852860434098139;567;317
0.20179462500583606;-0.4754236003704943;501;368
0.19342303613278647;-0.4822796009985095;504;337
0.21127753687244324;-0.4691286948944472;548;341
0.19763159116148157;-0.48701059560093546;516;317
0.1929405093600636;-0.49030890784538733;437;316
0.21944233660559254;0.7852584740226538;523;351
0.2068667421380207;-0.47738177334065224;508;339
0.2140764673618101;0.7872195387547499;466;333
0.2062782621762123;-0.4928799735156835;461;367
0.2150532743916637;-0.4825205018023788;457;322
0.20610304923150669;-0.49410353167624105;477;350
0.19893154876008373;-0.4898681763567463;415;323
0.19713139366699228;-0.4951246086106926;475;374
0.20750084398120835;-0.5011083175049683;503;347
0.20992709144488048;-0.4966967950100972;437;376
0.2027084228340094;-0.4955070743911535;443;345
0.19620532894459516;-0.4906776717859767;435;333
0.20499634145095263;-0.4993670142991714;430;328
0.20137264132355664;-0.5107549749462726;389;351
0.21284395645199344;-0.48945776885496484;431;401
0.21252188010281245;-0.5059328653428897;408;313
0.2128991609586509;-0.5064794210504417;419;358
0.2076120168167805;-0.5064960252657883;408;358
0.22004506805277232;-0.5056781457377978;386;392
0.2014778034857231;-0.5096040677988761;401;354
0.21585979572739455;-0.5014357526675606;365;338
0.22931144425373495;-0.48931087556795405;386;380
0.2168982957339667;-0.4965874691464269;431;322
0.2102699302194588;-0.4986597800711656;428;355
0.20969753674292438;-0.4923276451743025;373;332
0.23496307963934931;-0.5004193821258006;375;370
0.22655007761579624;-0.49345226041977397;340;388
0.23626099650856908;-0.4950323662025366;387;346
0.22214308158947688;-0.4937024316296329;370;348
0.25355262676052825;-0.4890446024886334;341;370
0.23462772135110235;-0.5106940932244749;365;352
0.24130852528404426;-0.49720829782432624;372;321
0.2407207253334838;-0.4966145013086;313;337
0.22976487059374207;-0.5079031117044094;388;312
0.22373896505945648;-0.5090696866436373;372;351
0.2197790658045085;-0.5141372241928805;382;321
0.2364708454595671;-0.4915079990264448;401;289
0.22386425390932668;-0.5084291609269033;342;282
0.2508022107373403;-0.48478884751455814;353;311
0.2321043287479456;-0.5103309641345932;352;323
0.2442835676973941;-0.5107119441807161;337;348
0.24602040399110653;-0.4982269251420315;359;320
0.24170381723081463;-0.5118472374742739;314;354
0.257555689593893;-0.494707268100871;340;318
0.23538033589911256;-0.5042088433742697;328;302
0.25282221163578256;-0.49930572464333817;312;352
0.25673803043237114;-0.5045432015773105;331;370
0.25617500845254687;-0.5093246078728801;338;326
0.2511942579340174;-0.4948540969475907;345;288
0.2452199143550272;-0.5139638956536191;283;315
0.24609682139992572;-0.5079378322675524;312;313
0.2443061477815809;-0.500736672103059;343;297
0.24984356569992713;-0.5092374814360557;319;318
0.25788331906378;-0.4969617962498059;343;324
0.24428805811155818;-0.5097983487584284;329;303
0.2572463854110616;-0.4958365491962494;346;323
0.24481873036384402;-0.5094249009088899;319;377
0.25024904650868784;-0.4978369136996072;310;315
0.26141992268455244;-0.500840320769731;316;366
0.2671750381681258;-0.5103441940156919;265;301
0.27845307364811905;-0.502351648935671;313;374
0.27874359743322413;-0.5007182362629855;323;311
0.2562327652976105;-0.5169663418165621;312;313
0.26835235340485214;-0.49356914639181987;289;347
0.2753970926120533;-0.5019420030684248;333;372
0.2608908680320102;-0.5065426449070405;323;310
0.2643225180164718;-0.5021147843275193;304;330
0.27698415944156707;-0.49676599019497736;303;312
0.2698833392658603;-0.5105031684395971;312;354
0.2728894262770959;-0.5103578496507657;324;299
0.27858109684675675;-0.5094498392146052;330;308
0.2817213600393057;-0.511911390117501;324;357
0.27829678671939473;-0.5102380020438092;328;347
0.2891165388688195;-0.5009799827190445;320;331
0.2771300640164912;-0.4871572391804133;312;344
0.2799392710245076;-0.5064712528557125;326;355
0.2804587427251863;-0.4944133771352905;319;331
0.27606255968126076;-0.5096461716449276;303;335
0.2913561096387126;-0.4766135866637972;318;286
0.2883276147509447;-0.4916980737910389;312;340
0.2945736452957617;-0.5045424314487237;321;346
0.29009542292510637;-0.507216447398414;310;308
0.2845025724386253;-0.49044231081669026;317;380
0.29105041504938567;-0.5023088678186826;321;363
0.2815862919601874;-0.48442940784274;336;344
0.2968521672579987;-0.49885617858296366;347;306
0.3045476786343348;-0.48696023947706135;290;298
0.30005610790017245;-0.4922592737066696;297;331
0.3048556505779933;-0.4973690325938497;322;293
0.29434414410108534;-0.48072256395270063;319;296
0.29741858427436163;-0.4980466563703136;316;317
0.2985898293329147;-0.47887986677211913;312;304
0.3030758644315179;-0.4986262870481711;359;350
0.3027237234883968;-0.4971934481143006;290;191
0.30558717965209;-0.5015781918004241;315;215
0.3082605832020876;-0.5038234121052427;311;268
0.3294440527188181;-0.4694495492604626;343;234
0.3013015899110124;-0.4683754838031768;318;243
0.3139458347957;-0.5015456580702492;313;216
0.3006623737874296;-0.46971700894626806;271;249
0.2751704154981214;-0.4824932533898692;294;216
0.2842139327417217;-0.4718329969423429;314;274
0.28941146915402577;-0.4669982918767671;296;214
0.28707218431498377;-0.4419620146102079;327;290
0.27376438089553307;-0.4674360057678293;297;242
0.2983680275002933;-0.47254066932059857;322;332
0.30129216322104296;-0.43361459697223254;259;344
0.2995670677670028;-0.43898933539459506;308;295
0.30022500730189516;-0.4730869131949432;284;309
0.27447829735558654;-0.4538776546800034;286;309
0.2986792421648991;-0.45356130692853347;282;330
0.3003451892120306;-0.46568073360631956;266;383
0.31035964259870397;-0.44527125068047374;296;320
0.27650113201605525;-0.44979264073500086;265;339
0.2958911499129754;-0.4548562373976591;267;327
0.3170815988249847;-0.4485462849253104;281;358
0.29366082210192823;-0.44866509628473433;256;331
0.2883164887418945;-0.44837583568433353;295;354
0.2750953355975652;-0.4404576200122351;269;313
0.3105171526176981;-0.4540885585228232;283;307
0.3074777578973332;-0.44437758663250393;239;315
0.29218327604029515;-0.45168127815278014;304;320
0.31023540231180147;-0.43270746378516045;250;298
0.3040447028453879;-0.43922587524518025;264;311
0.28932507472220215;-0.4280483290587176;254;276
0.2680240592315915;-0.4422738358001006;254;330
0.29466426125476736;-0.4362302227244835;239;322
0.2965992799790859;-0.4428676568236318;270;281
0.2852738308177472;-0.4232893054369371;246;297
0.30695655339602257;-0.4134628366723713;221;325
0.2844348720772262;-0.4232627695445962;236;311
0.30488999271417144;-0.42084313543988794;242;263
0.3152407981654724;-0.42519986342304084;238;324
0.29658938288445874;-0.4254762042496977;215;278
0.2785759331296438;-0.4119593971278583;230;285
0.2878615269215106;-0.4353924846094537;222;252
0.2773095064853425;-0.4253931609898602;217;284
0.2873248402964461;-0.40434200563956885;190;287
0.2979901104218612;-0.41464172759403234;202;262
0.26823215126695754;-0.420295923015675;214;270
0.2747773302081369;-0.41582602952017655;225;303
0.2764168682380756;-0.4037600104191288;214;278
0.2678004952497731;-0.4094345148604;222;255
0.2788916702892611;-0.408428720544118;197;279
0.27293375608348225;-0.40387228337971204;199;238
0.2564137464944843;-0.4174214839118724;185;233
0.27865981811081514;-0.4015532436661613;178;221
0.26131139635005207;-0.4060289461622409;192;236
0.2576560712919455;-0.3939188526068811;190;231
0.27772136856317525;-0.4073919512781024;177;200
0.24669289832981167;-0.39427498296895197;189;222
0.2696396794928222;-0.40556200498626505;179;230
0.27811133710303504;-0.39322189110428307;183;247
0.25822565739479736;-0.3927151767862422;177;226
0.24678304902592935;-0.38873453196685265;177;236
0.2399453880530455;-0.3828679630703424;167;231
0.24263142985166045;-0.3895740721699365;157;236
0.23884802452110246;-0.39281447854248897;143;220
0.2507791343539188;-0.3912603235888659;148;211
0.2388513779044525;-0.3927617659163051;161;207
0.2441828346035372;-0.39003550658920727;120;216
0.23825234079339558;-0.39136735031246866;147;201
0.23908745065849868;-0.37978548156760195;144;211
0.23130649760925334;-0.3902237756743154;140;198
0.2383200056321819;-0.37717259714474805;144;210
0.2301992946180893;-0.3854450952960727;116;206
0.2531407228271505;-0.3839231242527409;138;234
0.21789106754001925;-0.39395169370990046;127;200
0.21656157163026607;-0.39413338339324466;155;189
0.22413218554978012;-0.3867609229931288;135;221
0.21145587811028305;-0.3841182219851464;148;207
0.24114486203879487;-0.3870173089515064;113;205
0.22280788988363373;-0.3890866808122543;163;228
0.22752427968048763;-0.38501382649239413;159;205
0.22534190121682035;-0.38434252011306835;175;233
0.232201822753077;-0.38597620338074445;169;224
0.23150672182252094;-0.38557503485486183;170;197
0.2083688651262031;-0.3717635505252704;164;174
0.22037805644695452;-0.3824649548351575;170;217
0.23156060385135543;-0.387217483829254;176;205
0.19734274676350558;-0.3793182925919693;183;188
0.23093674480708434;-0.3870646458049187;164;218
0.23798305601172332;-0.39596668646321787;175;210
0.22253628007375814;-0.39772368996300816;181;266
0.2368647303941659;-0.39003560217380756;191;210
0.2322824625457793;-0.38942754751054176;176;223
0.22191011843986513;-0.3971355799597039;198;259
0.20548115092358263;-0.39374669798657475;213;217
0.23213184956036695;-0.3905635177446072;179;211
0.20838225042213684;-0.37805386035368843;177;249
0.21210897559601094;-0.3951427525179796;178;258
0.22819444910061587;-0.41338287548423025;191;218
0.22094307998655874;-0.41062078804371477;209;257
0.2197094787632172;-0.3923910950635557;173;264
0.21558131089122412;-0.39482176087987253;197;217
0.24457476026115;-0.3896618243189923;183;220
0.2393607832381089;-0.38748434962110256;192;227
0.22544084279124724;-0.4017672867493743;156;249
0.22094217724310705;-0.3915048978738388;180;206
0.18951050384855542;0.7804760472260959;211;276
0.24845830289412763;-0.39523892575292496;181;241
0.2844224680592084;-0.4098859559635527;208;251
0.2621320350373479;-0.4097701315056549;213;210
0.25249239997374207;-0.41975402834619885;207;195
0.24661616740317135;-0.4030372411941667;188;258
0.2770842520131438;-0.4117612536614746;207;219
0.29340306665166827;-0.43357395449359337;221;179
0.27524166203053674;-0.4176815372056245;212;216
0.2796730407826088;-0.40997178736267337;203;197
0.2071061497421902;0.7791714928408529;192;185
0.21163296418873814;0.7824691814288398;216;256
0.2250779220975984;0.7781108096294268;206;163
0.24708674534654695;-0.43727793797021325;220;190
0.27004043905922553;-0.429379627773989;206;266
0.203932273572195;0.7769309423069657;208;120
0.22638502241445174;0.7879847125160799;190;264
0.23651958820618285;0.7927059447262252;226;242
0.2494097687229255;0.782843357446789;214;194
0.25522579590346195;-0.4357216032440008;240;168
0.2446544111985949;0.7814029263023154;187;188
0.2716836355314818;-0.423882277559472;229;244
0.2988283665475766;-0.4198560592866382;230;216
0.24785374233833646;0.7947825574598675;206;257
0.23573456192090655;0.7958352584687025;222;272
0.3074651038948669;-0.4284241385026177;229;240
0.25139618823537463;0.7929036678041398;247;306
0.27835433333197745;-0.5073978241772995;225;26
0.26402680511997495;0.7755153231353313;221;125
0.2192212604665437;0.7776413943563136;211;206
0.22643020936945485;-0.42564088178387;224;166
0.25342447835715365;0.7911924586895115;229;220
0.19632334510014096;0.797438811323559;179;214
0.2225238302615762;0.7974542428300767;175;193
0.22696031653470364;-0.42357900264417253;241;182
0.16384194533579502;0.7952356688951913;233;201
0.18237082146836242;0.8046460416104974;213;141
0.21285810248771922;0.8034135719129193;221;152
0.192059789445596;0.8088635167885475;231;122
0.1708999911194116;0.805941392576023;223;152
0.17603649549409645;0.8050110267195193;193;127
0.1748961405313312;0.811330223769783;240;126
0.20024251640564966;0.8023551572075522;219;77
0.18148560349852605;0.8059159479550351;221;103
0.16643956145411196;0.8061752802369999;204;120
0.17111981273370583;0.805943953599702;247;137
0.18513564372975846;0.8084617665457028;215;132
0.1658386737980925;0.8089450329377214;235;136
0.1921394103525537;0.8207107144671617;224;152
0.25751825209100676;-0.41269204284275024;225;145
0.19623901902168606;0.8144626086560919;230;146
0.2770604219220901;-0.4143433757777388;190;134
0.17658604207616732;0.822280214033572;209;154
0.167664011601534;0.8228075962320631;222;189
0.19118712545425837;0.8081494783139512;203;144
0.2257940074254629;0.8130650001808186;206;241
0.23233099744532612;0.8095263367624025;221;225
0.19921460755149184;0.809665462284327;221;205
0.19318685848423378;0.8125535789509291;210;204
0.22138737944020995;0.8149429625611487;216;257
0.2309505032979864;0.8095704448451525;209;255
0.21793336700353663;0.8138151963783479;220;288
0.372694731829127;-0.39891958229788665;207;229
0.20896074321179198;0.8096752351826295;215;281
0.21712365670546316;0.8051352858691166;214;257
0.21261791972062136;0.8096804429202714;220;242
0.22731140595048752;0.8072312564972745;192;221
0.20694147419010978;0.8147269550713352;224;261
0.1940522046821131;0.8234624616945216;218;209
0.20504795475688165;0.8138806661786145;203;258
0.20768904932479973;0.814510535947796;216;252
0.19860305247500798;0.8144018034787556;241;226
0.20442410995581647;0.8128216873745848;230;268
0.19581081686557986;0.8107455198004315;215;223
0.2154275533616968;0.8247976612585534;218;216
0.20973453783807022;0.8134141972971419;242;263
0.2029286307251199;0.8106987904492787;223;254
0.20401856103965207;0.8128243474346034;218;267
0.21580476828780468;0.8061000997793667;221;218
0.20209818204742822;0.8176644641139924;217;246
0.20626439151214565;0.8129853628990107;235;234
0.19467537411613048;0.8151670516076736;218;233
0.20976348684241347;0.8070335382529358;208;251
0.20788263994425776;0.8121928754173373;230;220
0.22268246347684317;0.8132241651976544;218;225
0.2165764650954912;0.8131778653241152;229;213
0.2222713088658059;0.7973544688505513;232;207
0.21019375370634863;0.8070690959053851;224;181
0.21006499039125295;0.8064856814933203;206;212
0.22347021766634215;0.7962842985593661;192;223
0.2084524045593895;0.8070629766732127;223;199
0.21287800270755283;0.8089014276828329;220;173
0.20631580472487426;0.8086325235934776;211;209
0.20182052962498245;0.8079683255516277;203;205
0.21833968074313537;0.8061565181559339;209;192
0.211977370360728;0.8004496137884405;214;211
0.2238172487527186;0.812452859880608;191;204
0.21777653327955762;0.8070131733945879;221;198
0.41441659706324896;-0.40422340071543295;209;185
0.2062573471758449;0.8008585169698936;210;223
0.2091500032028159;0.8093811459272664;211;210
0.2197738102166895;0.8057794290784065;232;201
0.2240975254662121;0.8049023897179096;194;197
0.21082182738039604;0.7940746266383153;206;207
0.20041658024693554;0.7954211790926798;204;203
0.2253372627407881;0.7937005869144063;210;190
0.25376873763587443;0.7951957434118192;200;209
0.2139002298165351;0.7916987669819153;203;202
0.2100701350013305;0.7997917460208641;208;192
0.20750959019694715;0.7927265439746335;199;169
0.24651297192534932;0.7937154870149222;202;170
0.20421830127587373;0.7911125324240025;226;190
0.2090783720987685;0.7835053260548488;199;151
0.21474280592187311;0.7997007743750387;227;168
0.4040280496382902;-0.35766525591282605;212;202
0.20401255552916805;0.7833213494675807;227;175
0.20234432593807003;0.7817929999806975;199;186
0.21107673536671687;0.773303778490331;215;192
0.19767960575415536;0.7798264199322322;216;198
0.20375397112100818;0.7756732560285894;233;210
0.22270086926801638;0.7677596558549075;227;217
0.20057897055092314;0.7703352431671107;254;219
0.42402040022458226;-0.3329337095610128;232;201
0.21329585714214505;0.7730529773341215;227;179
0.1898240230794025;0.772229760802034;196;219
0.22286983064396576;0.7635745777236747;226;237
0.20772414341391968;0.7655647924493199;243;195
0.2337591161219208;0.7705598032474446;245;219
0.20829234116909082;0.7721551634205261;258;186
0.2050974680155322;0.7580196237814935;212;213
0.2131208739771757;0.7680895788840585;259;204
0.20394038992284283;0.7681112041913991;259;231
0.2093867962239888;0.7554507764356164;250;203
0.23745101052815007;0.7590224810557908;245;237
0.20463171369067937;0.7595892582729583;241;215
0.24283679843272007;0.7497184553327931;252;254
0.2136149759622743;0.7563090179571773;241;229
0.2212592695214706;0.7525725694110765;254;239
0.2406972841296321;0.7507033091708443;246;202
0.21320294967226916;0.7437712224807811;244;265
0.2124479471628466;0.7525671437586953;264;221
0.23751484376277393;0.740442909810077;196;206
0.24220126787301594;0.7486443729938002;242;221
0.340479880264715;-0.30511058965227117;248;236
0.24260371602480107;0.7461516688623538;269;231
0.26053275014599747;0.7295375723371719;295;234
0.26436085102034046;0.730881302652545;246;201
0.22772237050305827;0.7318990480414176;286;216
0.2351746001937239;0.7240738929680954;252;217
0.2946304958077785;-0.2949628589992616;294;205
0.2337240227419446;0.7287501417556048;286;175
0.2609330828153283;0.7422147980443411;266;234
0.2574560488302071;0.7346405844207858;297;138
0.2926731107307863;0.7174312099361249;282;179
0.241806177756171;0.7298813751116535;235;221
0.26858955714384836;0.7384983172477582;303;211
0.244493265773124;0.7184118932389124;270;211
0.24731167820396;0.7296320577155218;298;191
0.2509287568068475;-0.3072776475963056;241;189
0.26324994088405856;0.7190133757762227;285;221
0.28510363107612346;0.7312960888725856;252;186
0.260045551023612;0.7240829806276539;292;194
0.27907108974048944;0.7123311152812013;250;208
0.2794247267651327;-0.2611922459086665;340;195
0.2690457279385972;0.714246772450215;335;212
0.25502884153693944;0.7359759353820189;303;193
0.2747010227477762;0.7174550451794007;277;230
0.28615200074872504;0.717922665800851;375;200
0.27257101753396656;0.7287609374616816;347;161
0.24907526068653435;-0.35247456173856023;353;179
0.2747768900048888;0.7325638417584173;347;204
0.2777793129079446;0.7317819115534053;348;191
0.3124174757554687;0.7452408821392822;334;241
0.28846770782743864;0.7222254006207617;274;207
0.24420303110187766;-0.31399668814677895;297;180
0.291154073167198;0.7297008835194992;330;228
0.29649435491674475;0.7243573520061166;346;224
0.30856430438701754;0.7494380099107713;327;241
0.3052656056231261;0.7262192768213036;355;203
0.3125924497961015;0.7262280822859521;346;210
0.3258829359179288;0.7076554935879983;335;148
0.3059387375129489;0.736228243767948;316;243
0.2029200770943218;-0.32240717631786153;344;203
0.316849335043587;0.7326260960874796;346;201
0.1664890760504005;-0.37677129260669306;287;226
0.30641386189218484;0.7417092766335733;336;201
0.3103466273349684;0.7617420650645531;361;162
0.28301373619751413;0.7681462032825228;349;146
0.1769147265665953;-0.3543227843693725;338;213
0.3138937844820521;0.7684707365207593;397;218
0.3145533516590317;0.7448908225591933;400;272
0.29086433453143984;0.7576476176703127;372;118
0.3187202148023418;0.7660627881257535;390;233
0.17450856294376035;-0.3659033596077582;366;194
0.13095979046207396;-0.41986730045246357;368;150
0.3289200844111129;0.7385653766180368;378;179
0.1483249612863962;-0.4085129185090438;366;143
0.1534982838312916;-0.3790305315249501;377;237
0.15738251899920708;-0.40086233478150135;335;223
0.298065718397539;0.7633855690964716;343;195
0.12734811969784454;-0.4179619356062011;345;212
0.11708897476711151;-0.4295492123182038;380;225
0.12886546563147772;-0.4325518195122049;342;206
0.1259749778315908;-0.4284314736417218;364;278
0.11913708634638868;-0.45794253770256643;359;221
0.12935755799452464;-0.43736979725899117;364;279
0.1469893583918143;-0.4251008314066158;340;199
0.14694009582361858;-0.4160560260624147;389;137
0.14284691925697848;-0.44829347458392144;369;283
0.2786007744576226;0.7865656128900425;350;225
0.1526672512170905;-0.4465887626111497;361;345
0.15113861044675855;-0.4463895358268197;378;314
0.1612042146179748;-0.4505099499004395;387;318
0.1536937288396825;-0.46877463689036764;351;294
0.2794717372376741;0.799378715770262;347;299
0.14547232323132592;-0.45882515122881734;363;339
0.1513128785787578;-0.47305074715943485;336;323
0.28999288316930627;0.8009356569382038;361;345
0.1426878600656683;-0.4821841413961163;345;324
0.15533326490661695;-0.49374946706595035;287;322
0.14724823514783408;-0.4870079683136667;381;280
0.15745683710926306;-0.47960289115114785;347;329
0.3195798227428689;0.793363840233241;377;260
0.17233223336709258;-0.4912636412171312;355;280
0.18359526448561608;-0.5014686002071003;367;348
0.17696188870492682;-0.4901287925353164;330;228
0.30698874144733357;0.8054455706789211;345;246
0.1691209118002477;-0.4929056670731032;311;289
0.17565755851143444;-0.5058921892298022;317;304
0.3060455227505695;0.8101782497781429;332;269
0.18698028880830528;-0.5173673713464905;331;308
0.1582881618917676;-0.5486581629121714;362;320
0.2945629512540705;0.8145671382417767;348;311
0.19242751018143034;-0.522277745188731;344;307
0.1940641733335808;-0.5248944248985714;350;281
0.2772238302211827;0.8253176315934468;324;297
0.20404044787635534;-0.5268764765614351;355;302
0.2045857270740356;-0.5250902658978808;318;300
0.287454705517807;0.8186866520480077;333;290
0.1960511286272929;-0.558265366605416;320;300
0.2093196365144842;-0.5138579902066667;332;286
0.22254711190408336;-0.5397070672576094;333;265
0.2316879938156967;-0.5405818771638785;320;351
0.22367819970480776;-0.5515655081927218;326;324
0.2425775262584792;-0.5320637854700772;324;279
0.2125280695688709;-0.5702649522002633;302;264
0.22668391745715163;-0.5772630608715293;311;274
0.2312133264504868;-0.5515898182795722;306;268
0.2695082719613508;-0.5479092110432272;304;294
0.2294520596271107;-0.5455932950981381;300;230
0.24174723283267902;-0.5433927170775551;311;278
0.27007275251063406;-0.5749937267178575;309;283
0.27451420884101585;-0.5151260201320556;287;313
0.295063173017955;-0.557985382588632;300;326
0.28764345495586197;-0.5283078625104406;288;299
0.3289215836023629;-0.5485176308366082;276;329
0.32291827586429844;-0.5319195302184168;302;291
0.30818597538707976;-0.5527784366244438;306;310
0.3148680436714969;-0.5628245325328718;268;363
0.3240054958562203;-0.5151875634290408;288;322
0.32346675339828596;-0.5313455518774813;271;289
0.319984352266996;-0.5159999728386846;267;293
0.33108675615217636;-0.5147227188439333;276;368
0.3745365721953533;-0.5621061886429557;294;364
0.30848232698250777;-0.5543888460891999;297;344
0.33590094398253173;-0.5046592072949169;265;289
0.3438235442985005;-0.5341857334048263;275;377
0.33651715736882176;-0.530724234350331;279;323
0.3475198120588777;-0.5354018225770122;279;341
0.3351399111488963;-0.5066842116347711;282;251
0.34418761868942527;-0.5229452989512637;246;307
0.3532616579138542;-0.5396082278894984;285;206
0.35611144499830844;-0.5193209871280413;275;310
0.36219055660929267;-0.5030912814470363;304;352
0.37546048229072265;-0.5132749661972847;261;333
0.36536373384840837;-0.5129474492266742;293;298
0.36792601533427605;-0.5103079869446983;277;316
0.3928269127337594;-0.5128485288205982;268;290
0.3925177756227431;-0.507647237037689;260;350
0.4004245128681363;-0.5001003522183932;247;295
0.39566192743215517;-0.4964389136738476;273;323
0.39312529775220995;-0.5176704299326929;273;269
0.40815639330947445;-0.4952529106528763;260;267
0.3975621171015383;-0.496606094202387;279;261
0.39808991812120287;-0.4832130230130596;276;251
0.3987046389386179;-0.4753060454969184;252;322
0.4172799895171154;-0.47579088036102013;271;293
0.40758628878021697;-0.5188971076127871;272;248
0.4515636930509355;-0.49794358929980015;228;211
0.4312553494047159;-0.49064542869378397;295;315
0.43273442102050086;-0.45795907975585903;290;237
0.4539882696388217;-0.46043482330231406;270;197
0.4410578945711246;-0.458694190557075;262;244
0.4529425443479122;-0.4326023721637311;258;221
0.46281032315500886;-0.4681147522075592;238;264
0.4891386346018557;-0.47085555112799693;235;224
0.46932888986073057;-0.43783913386231305;257;180
0.4699353786797609;-0.4206422479642038;277;252
0.4583916988538212;-0.4502743781737796;261;245
0.48126500775935316;-0.4379032731809625;244;227
0.4632590837317415;-0.4486685027461184;227;274
0.4684873572522125;-0.4467932071980724;255;296
0.46893536631665733;-0.4593777159598435;255;271
0.4787063635080592;-0.455156536828748;260;279
0.4650146898194639;-0.4414338710101803;253;304
0.4907926819182141;-0.45680859445817146;264;333
0.4963846677790805;-0.4283724233845639;250;339
0.48157823272756817;-0.42986618658506315;252;329
0.49378751205489885;-0.41454470487069023;259;312
0.48000734310858667;-0.41403613927866667;237;285
0.4745389429344231;-0.42034639892150855;258;213
0.4856254137890846;-0.38784986306709235;267;333
0.48243690282376767;-0.3889807072646187;258;328
0.4830474748573536;-0.3838473664479597;262;256
0.4935386899560367;-0.3916606415826341;293;320
0.48616760396589953;-0.34854949031697274;243;341
0.4862576492692689;-0.3707081706212161;253;354
0.4964590319818045;-0.3444861720276424;254;284
0.4767572703617212;-0.33166777695946736;252;366
0.5026598888775637;-0.3839066542575063;278;319
0.4841726053765882;-0.3386338932679695;267;384
0.5065589244092591;-0.33469607924143147;253;294
0.5117492912033572;-0.32650566549021437;251;350
0.5157174059736149;-0.32668998286013984;246;343
0.4962257871866073;-0.308740317887443;242;262
0.4900999076054285;-0.3120985440803661;277;304
0.48951784870368864;-0.3144219418796517;267;281
0.5028111783228246;-0.2928201088738941;244;319
0.5040512041654721;-0.29182588179161806;254;305
0.5136863031790392;-0.2970780906888924;244;281
0.5086321967987997;-0.2719625807987735;203;341
0.5012007196307868;-0.2623147928932609;250;309
0.5361814371474185;-0.2765259300065654;255;319
0.5107998382487586;-0.2770076712624672;247;290
0.5084791004743663;-0.2565057565231185;223;280
0.5226801271785951;-0.25971812377983233;246;263
0.5421523616767504;-0.2666117500782565;262;242
0.5445322601866464;-0.25040077893134305;255;231
0.4964313608586551;-0.23916714360087263;261;283
0.5235878815318982;-0.25171124917194637;266;255
0.5380543638865062;-0.23589312950376384;258;224
0.5094676992155579;-0.21640142247284272;230;247
0.514577447764346;-0.22232989568958764;249;267
0.4979856744540236;-0.24048049204160496;246;299
0.5426278315783426;-0.2370671352046754;247;218
0.5365094925918923;-0.22633780868130182;259;234
0.5318056957439408;-0.20486183066677494;241;246
0.5258145312065919;-0.21498997277981075;268;227
0.5208364012049885;-0.21064820902838347;263;243
0.513387498097298;-0.2245639080760172;243;264
0.4866555441294667;-0.1780920853058531;235;295
0.5145269216005695;-0.19020828173370444;243;267
0.5048511378499934;-0.1904751641960195;253;267
0.507327569470145;-0.1764427130555667;238;230
0.490234781392211;-0.1974150199558467;229;283
0.4887590447384915;-0.1595657665638615;223;292
0.48465335411975075;-0.17402333727948716;225;245
0.5024880496668662;-0.18152540258077562;254;241
0.4839087630189075;-0.17822086965332554;215;257
0.48169365857376245;-0.16015092009732165;264;273
0.47743938468489266;-0.17116444771539024;259;282
0.46860322371369395;-0.16054037330778242;232;220
0.5043128358669259;-0.1605042845207772;180;248
0.47946747290964303;-0.14789298715991075;202;213
0.4673022494346762;-0.14706175033410177;204;202
0.4707112929969106;-0.13935039331600363;170;203
0.4502521812261019;-0.14491612845941843;178;183
0.4627122578062778;-0.131793635112568;221;208
0.4380593383345339;-0.12271378408531351;205;212
0.41032988405433013;-0.09404524368393165;190;201
0.40720925355611554;-0.11952743315295845;198;230
0.4313181935328641;-0.13399176438763377;223;198
0.40877721750039797;-0.12435431274330071;162;216
0.3976348444509031;-0.09281003116125852;221;225
0.3997878657807832;-0.11313084869844718;227;210
0.4038638693852611;-0.11939002859616306;221;194
0.3982352794644412;-0.10238095465503672;231;216
0.341595785607203;-0.09765781109225317;215;202
0.3890636067800387;-0.11645622504965168;231;187
0.36447050194920644;-0.10264309130157777;214;214
0.3643011416882442;-0.09782223030473115;224;196
0.35388079186851507;-0.0955616364337375;214;179
0.38157992209753705;-0.1156370944841754;226;198
0.3621101323459784;-0.0956541145217189;229;197
0.36660007365662134;-0.10474971774735732;178;189
0.3444583551214693;-0.10311837215696784;230;205
0.3009935822300579;0.7478880408749033;228;177
0.38345570005939084;-0.12910440727903405;223;137
0.3323444437868772;-0.11105803612635844;235;183
0.3348270430813076;-0.09116236721532217;190;192
0.38493888747243143;-0.1277111674127576;225;165
0.3053873516602836;-0.14883385144138309;183;167
0.31142383912660704;-0.12218005199995982;212;145
0.3937137775655875;-0.13732265018048717;212;154
0.33786877462637;-0.13750722591908243;197;158
0.33995330938227203;-0.12925124416415765;175;166
0.2971590447706311;-0.12610309392348376;187;133
0.33215031886442486;-0.11969580859495457;214;140
0.27134668048256627;-0.1576949424667338;186;155
0.34529100741676083;-0.1562613474820331;160;124
0.2934729424986492;-0.12322157342379335;182;132
0.3065091845293037;-0.14544240026279953;191;136
0.33236163723036555;-0.15660635775123127;176;127
0.29862594742585863;-0.14785317773269352;183;140
0.3252266958545427;-0.1443770834894236;192;147
0.2730492568995484;-0.15248706823288488;181;150
0.31919367815433425;-0.1828123613021658;168;143
0.31836205526144445;-0.17906424921918312;206;151
0.3520994476306983;-0.18226563267589566;196;149
0.3864095670941633;-0.19936966447590518;209;148
0.37545321621998784;-0.17202564903692327;202;164
0.37822049340607394;-0.1786521081157997;191;157
0.3659073506712498;-0.17821698674951988;208;177
0.4159372041560039;0.7788149432297636;194;172
0.40029249785227444;0.7798350338285333;215;141
0.38475488126617924;-0.16650733576980348;203;135
0.41853961754535934;-0.18778713283971424;198;139
0.3904948418233556;0.7915605018344406;213;150
0.36624450331719766;-0.19333398439436833;202;131
0.4004866993666619;0.7895990627031787;211;134
0.3419691313083496;-0.20064001351700098;183;129
0.330884197938724;-0.2054518937927714;215;145
0.3674469625304247;0.796495434774213;215;120
0.36634526286783275;0.80284157406579;171;121
0.38460672490752;0.8005330130914636;220;142
0.3684535147402198;0.8022605566780407;217;111
0.3446769054872876;-0.2538889760440149;177;93
0.3754962959803531;0.8111504453727472;194;119
0.34881485558097364;0.8109145457534475;195;101
0.3644641300404368;0.813961919354027;180;128
0.3564769085523155;0.8192088139269836;200;122
0.3667094167667283;0.8158387943523361;195;123
0.3498640655419143;0.8207341807463227;190;137
0.38499473109357574;0.8225982708495008;189;144
0.3718359375055865;0.8284750800706674;199;136
0.37009567484781847;0.827690926826444;189;133
0.3726387662291974;0.8283202390319722;168;130
0.3768315855274126;0.8275521500813617;194;149
0.36120132067179495;0.8358998874019624;199;131
0.3685602794615274;0.8366714194701305;171;151
0.377359502289961;0.8352330706930469;193;199
0.36081484386606527;0.8415530289610826;177;162
0.35376887380060407;0.8408791403452763;163;97
0.3527086162118425;0.8436312509753509;191;138
0.35406238101372745;0.8444058172631637;184;157
0.3658412764009208;0.8456716623523625;193;167
0.35462255351565103;0.8479318152241838;198;146
0.33601503487023504;0.8463099762723347;186;171
0.35627762552233044;0.8495705711480547;213;181
0.3557693135533894;0.8511205021061506;187;138
0.3466738449631646;0.853008701604809;189;147
0.3463143766446346;0.858548533047542;181;139
0.3452714851929803;0.8556915129108299;183;137
0.32309544008509206;0.8623715637548817;213;157
0.3388454302870674;0.8602832286200667;169;151
0.3246716666318484;0.8650461127437562;172;156
0.31437623989850283;0.8675893680484136;195;162
0.3296410585465659;0.8573109953326129;211;180
0.31718930608713813;0.8710410093364843;207;194
0.32348824364091666;0.8702867392198688;206;170
0.2924175808998998;0.8636576441970241;198;147
0.2940910488420711;0.8721821531615277;183;176
0.2976367381347638;0.8783945782257796;218;173
0.27294422136431873;0.8816602627962179;205;176
0.27915365940665127;0.8813921529648456;213;178
0.28410765383922465;0.8798774184709193;183;168
0.2640437870727191;0.8815040233472369;216;127
0.2564966741794751;0.8832873670014205;215;140
0.2576756359880826;0.8889900913591874;224;159
0.24571800408618025;0.8897402979938454;212;178
0.26382478797513814;0.8807757766273102;191;118
0.23939655595904577;0.89853646055997;228;148
0.24662891757843727;0.8823203059186837;218;146
0.23926030779346508;0.8835780357832417;241;156
0.21615430151581322;0.8885217020914506;220;159
0.22106919437364309;0.8876576271911869;206;163
0.20652694909335798;0.8951664500827042;207;145
0.22503432583481378;0.8897912070133892;229;163
0.20590024117332167;0.8909195596646229;223;135
0.17454481100425762;0.8880306761576223;209;147
0.17512078713211893;0.8875075393927482;211;161
0.19010656930753278;0.883567200372098;201;153
0.17226683986015473;0.887011151391245;207;187
0.18167941265658344;0.8854669179656938;254;182
0.16506859546434322;0.8874959486722258;215;183
0.15782281586300143;0.8826099787866033;223;174
0.16361153283668792;0.8814038515581196;230;148
0.1601618157238866;0.8797771884231009;230;142
0.1519388459946857;0.880848983880443;209;151
0.14311109406724093;0.8940872696392167;185;147
0.14195604023700717;0.8829638935569293;218;140
0.13787665803494353;0.8843852602503811;219;171
0.13703295314194083;0.8762841851291703;208;178
0.1404751758753595;0.8740267842544882;231;121
0.15230744794810488;0.877434329710821;223;146
0.1358608915809513;0.8734705813323953;223;164
0.1382190479105;0.8721416497975018;221;171
0.11603029575181954;0.8771197563132136;224;158
0.13509696020451448;0.8673952805206803;219;130
0.12428058582761706;0.8695062023860497;223;130
0.1202551759070308;0.866210476180385;217;176
0.11088095985038303;0.8723590326114078;230;138
0.11256786537625905;0.8657199979868148;215;110
0.10865792615170161;0.8570591050617904;212;128
0.10273534066035334;0.8533430228169068;222;130
0.10058352765698832;0.8520924928673859;229;147
0.0821036399727778;0.8314760599495212;203;135
0.08090806108355143;0.8451468115640022;255;138
0.07518740405701918;0.8417144896080091;210;127
0.0842304769042029;0.861520909913323;239;141
0.055096821411931604;0.8378250509505956;218;121
0.05552854954520899;0.8224216217697305;215;117
0.0638482928869507;0.831748502757992;215;129
0.07003889258793913;0.8381402787602872;227;113
0.0801140998792317;0.8417453515862545;226;130
0.06703006852443506;0.8188996716928653;219;128
0.06233779750955573;0.8236775948978351;213;120
0.07822801773421233;0.812998398588476;222;153
0.06003440941702689;0.8195165743234274;215;141
0.04034742755531736;0.8032458634844601;215;154
0.04604939617069122;0.7643983782960331;216;111
0.03201879978934568;0.7715663082816863;232;138
0.03518037512122099;0.7925342084647824;211;150
0.05743353093155869;0.7677635637575991;209;161
0.06382020406448335;0.7495292632122005;224;143
0.061666222383602476;0.7296534720475613;244;140
0.07629401847982864;0.7168094819799672;215;132
0.03506373268111187;0.7375763709943214;217;116
0.03890155768698495;0.7132399909698957;221;149
0.042708807558613636;0.735269732526033;189;151
0.03748083659153577;0.7247656250800596;201;127
0.04901255152861044;0.7426436253741029;219;83
0.07615973296505583;0.6389828858986252;238;82
-0.02954407417438653;0.6348686073527117;228;105
-0.010310606104794144;0.5961738012249895;223;91
0.07136818311485937;0.6733253935558818;222;69
0.02737338161453066;0.6268986835489108;223;97
0.07732081739900494;0.49286292168263557;220;82
-0.022841639149950636;0.5165614988192067;225;63
0.12738522767121216;0.48933998786251803;214;79
0.13776113190891637;0.30304690741167545;227;63
0.021515169685080444;0.4575760326689421;243;75
0.1777807882920869;0.17593171534041865;233;76
-0.02886125820704853;0.2762243306314024;241;82
0.10876822990242414;0.1651984132887847;230;83
0.055115053436547094;0.2244634436807076;229;78
-0.04815433674179606;0.2033664032864164;215;72
-0.05004104084237582;0.17565887194478358;260;71
0.018015088404088934;0.18788157183705662;238;64
-0.05613980060220925;0.14056270512603597;238;62
-0.03303202551941835;0.06968377463430414;244;71
-0.08434482046602564;0.12369930485873276;238;78
-0.03617662859808695;0.07957153918782714;230;68
-0.02626924647969352;0.06485994639620395;262;73
-0.06523471446744954;0.015149859196840327;245;93
-0.09045504427565913;0.021639520832284966;247;80
-0.1012086319217273;0.031074110338743237;254;61
-0.10168896645558578;0.06101884022133414;255;41
-0.11469181018005951;-0.014531664667751413;255;69
-0.09605447077906161;-0.004088067795896689;293;81
-0.11692556933546036;-0.01949980486743764;280;63
-0.13454118379874042;-0.02160360227496548;284;58
-0.1123504708690677;-0.07734307708952926;250;79
-0.10753002021672313;-0.06347600197770031;256;77
-0.12171087393769435;-0.09152303838727546;279;68
-0.12251818002968005;-0.09521238483154641;287;67
-0.11993758189610794;-0.06555366867614523;286;58
-0.1305137641156789;-0.17531481665838736;296;62
-0.13426185631608079;-0.1380088571133901;288;59
-0.13986223418277177;-0.15350246410892762;297;55
-0.11626752269074145;-0.1762619176098242;293;47
-0.11907495119334559;-0.22337672366601047;301;61
-0.10895428714158946;-0.26466241552421454;309;56
-0.12467094670202507;-0.4119858760443367;310;54
0.2678255359368251;-0.5744444799788876;336;41
0.29792092492977057;-0.5740499867589898;307;56
0.3207879495970638;-0.5940809319573195;316;69
0.38703249162113396;-0.5997560560246462;259;70
0.3827656945665247;-0.6159356952149465;238;82
0.39834698319560685;-0.5904297995802116;274;67
0.41812534256607914;-0.5687626360167701;269;81
0.415936744721023;-0.5654372845127345;266;73
0.44729433904739446;-0.541122964712937;270;74
0.4840185349717253;-0.5163776489876762;281;81
0.4856013631103242;-0.5356700466985105;267;96
0.49734968944683156;-0.5274637884927855;252;117
0.5185775976503423;-0.5272519412356599;256;108
0.5438207057306141;-0.498839197070906;256;123
0.5018496432917388;-0.4994955908007354;279;119
0.5410625400355787;-0.494885216738186;272;103
0.5429207481420858;-0.48574511670153453;272;114
0.5901331266337543;-0.5095468956298566;77;33
0.5666263768050139;-0.4795608429503979;242;114
0.5563428809938593;-0.47463449169744776;241;124
0.5725382765563324;-0.45677008900122273;275;117
0.5824349965705562;-0.5067420682782733;253;85
0.6586966938895702;-0.42643294224337874;225;118
0.5813193027088731;-0.45618351586773387;269;105
0.5455828599616325;-0.4502347145276252;258;89
0.6459577493695822;-0.4335133820468324;236;121
0.6323568342225452;-0.4453963597657358;232;141
0.6123202942646953;-0.3904709945304365;248;144
0.617692198099177;-0.4290606265588583;227;156
0.6416228422513778;-0.4320536266981068;208;157
0.6034967275223287;-0.44199332645819217;250;126
0.6776942845666042;-0.4417381362172845;233;163
0.6265019862604398;-0.38160649714870876;247;126
0.6129138030440098;-0.3647186136609706;221;160
0.6560792828957654;-0.40366635245708954;208;164
0.6589652187277594;-0.4140253366762689;251;160
0.6559263354774487;-0.4158976307484604;246;144
0.7105239958007047;-0.3375849987934102;229;157
0.6480726571397648;-0.38314341783069866;225;152
0.6984103425077519;-0.3458745272198867;233;160
0.6498909163007793;-0.3639730213280861;262;159
0.6490121338942556;-0.3471737332881946;246;186
0.6502806481893422;-0.3267597669522049;252;164
0.6459470048024766;-0.3521947288515802;252;159
0.6614790467463496;-0.3480420461022126;210;125
0.656009427682971;-0.3067740139370882;246;122
0.6357022210203445;-0.3249146456114278;243;139
0.7064995204087204;-0.3655645302199172;225;122
0.664230849304614;-0.337188956186409;228;152
0.6433320947387284;-0.3002818961834733;253;145
0.701584241039874;-0.35674946966765647;244;145
0.678694847366903;-0.3491146468962383;234;154
0.6907912159385858;-0.3456002866471584;227;138
0.6525773506079751;-0.28454864866479046;267;151
0.6506510553390192;-0.31749019655624705;249;139
0.6483709011274571;-0.28392964809117743;241;130
0.7095654569449956;-0.2918071662871452;252;141
0.7140882620390748;-0.2625956929818722;234;58
0.6582418322037462;-0.26269733648932925;247;96
0.6708557685417719;-0.22948724214149813;237;93
0.6943555455517622;-0.27345473238892976;241;60
0.6682760090329689;-0.2596280707343665;222;106
0.6634748083878285;-0.2631529757376659;258;132
0.6276177093995174;-0.23516570291482983;257;188
0.6384837804746085;-0.24732698560312713;258;180
0.6310711900517991;-0.22688241354249564;216;181
0.636943797130149;-0.23236997999463957;252;186
0.6551786202170579;-0.29584645294357903;251;183
0.656682604049774;-0.24701766445582718;239;211
0.6384574636565727;-0.3055307189066965;243;183
0.6046819482927284;-0.2121041944546793;220;178
0.6104985850872118;-0.20571598445608122;276;178
0.6500035032086289;-0.23026022016651568;253;174
0.6029505394472724;-0.20202536891972375;260;222
0.6068980193583065;-0.19426256116919127;240;158
0.6222187768277391;-0.2172318917203022;205;197
0.5817362029740598;-0.16413648356412514;245;186
0.5780877282137884;-0.16901597444828642;205;184
0.6243286210825706;-0.18673020019970385;250;164
0.5685776401489168;-0.16874600410788856;223;192
0.5490320637557999;-0.12675050371451205;270;187
0.5468308582056279;-0.17364781206535407;250;170
0.576072016334023;-0.1650474646999149;200;171
0.5527330066720629;-0.16057408864325667;227;166
0.5709663260964679;-0.16509411551305622;245;203
0.5239537382798327;-0.1446343590355328;193;215
0.5813160216557821;-0.1557303429660106;220;225
0.498196874031426;-0.12077566572924345;221;176
0.5299189704120917;-0.10942008176491531;229;165
0.5064837921005995;-0.10738795078888139;231;165
0.4692352872174967;-0.13483088085711414;252;183
0.4889049782046783;-0.13657618215884462;225;224
0.45165030676191736;-0.1282432618948145;243;163
0.501953414110276;-0.06963738121798539;235;163
0.4617683060277724;-0.1341351186961072;206;185
0.4867209364326129;-0.12676186607327442;217;190
0.440717472029116;-0.12178021596733067;222;185
0.44850394067142374;-0.09695620891145051;258;198
0.46806313597626253;-0.09983063107754128;226;201
0.41097950274783596;-0.12681914297596603;265;186
0.40549910203693246;-0.12451782458140942;245;210
0.37302194403103645;-0.10967068005660185;246;209
0.3430458907007046;-0.10672359556855038;238;186
0.35080271977884947;-0.1156005988398635;254;206
0.3786899967638918;-0.13221570864660506;248;194
0.39754684774037297;-0.08568726868897264;207;210
0.32894400159947107;-0.09698836179803212;229;215
0.32031634775866547;-0.11390051820686972;207;191
0.2653346753838417;-0.12766276378400052;217;198
0.3002244415763337;-0.1284501489051046;222;226
0.28562483021065915;-0.12428099103146176;229;203
0.3181805033717886;-0.1312119806934966;222;168
0.2445003954677226;-0.13542309383444964;207;186
0.2657353833961095;-0.14560846527453317;221;169
0.2826916782823877;-0.1457778473233503;214;168
0.2894169162373558;-0.15323493101828453;234;180
0.25672832885957947;-0.16882945587864653;218;212
0.24918125653669226;-0.16304882027361206;230;189
0.27064325695794333;-0.1869394330770302;238;182
0.24514177958789984;-0.1760386822491506;223;194
0.2563160044018307;-0.18660519593040534;218;170
0.3222154305377855;0.7320354940145173;213;172
0.35538249957533463;0.7478809088140397;220;170
0.2649721609475442;-0.1862070796725397;218;176
0.23101459184816434;-0.19956515935875294;206;195
0.23550121216020783;-0.21682805218203904;222;191
0.21193751171593014;-0.20370373098407757;192;136
0.24234150365694182;-0.20865796016024463;192;190
0.22968786153305087;-0.22327385236764744;182;175
0.24781507274462045;-0.21333136701696634;214;191
0.3697471057505055;0.7703196083086722;211;177
0.20691784909331049;-0.23024726792258096;197;182
0.23694666843089415;-0.21441463549763645;185;200
0.26471263374424103;-0.24271868410984437;227;188
0.238341312727419;-0.26410455169009406;218;185
0.21133559696059895;-0.2720354010785823;179;184
0.24229478369498755;-0.24942898272033504;212;182
0.2346511714950791;-0.2653220859303805;216;161
0.24291460602271123;-0.2638678069136414;200;200
0.3491823458477061;0.7792249066801246;177;170
0.35326070684140637;0.7836148348779813;223;203
0.2591636928082807;-0.27619548408938277;208;176
0.2654479544605265;-0.27592684929341665;148;158
0.32123618157138184;-0.30227826116730155;206;195
0.2251186488540914;-0.28269043943527994;195;188
0.37384628810509907;0.7929888655424283;192;190
0.23402151671653074;-0.3013004885748687;149;128
0.3256345914405386;-0.29762413402115967;193;170
0.279349727473078;-0.30820175999999666;175;166
0.28463936787598243;-0.3114507115858798;150;169
0.35614566347087095;0.7975423891632022;158;160
0.36801185694554817;0.8061658599929996;153;131
0.32996746976970154;-0.29524908228162483;162;180
0.37172744380397765;0.7990010829010845;177;181
0.3473559501253654;0.8170172041631332;157;129
0.3654452996568173;-0.3307953424766881;189;202
0.35084951459344466;0.8167551540552331;191;165
0.33870960809440626;0.8164756751596433;217;226
0.39017441734209163;-0.33984789244743996;230;180
0.33204991970516023;0.8167674918255944;190;160
0.32462485067516544;0.8145833390419122;235;191
0.3799726372836258;-0.33474178212397826;225;194
0.34963131410799114;0.8260725271015936;221;201
0.31393790551815864;0.8338055208408227;201;173
0.33621905513411426;-0.3115451270108688;191;161
0.3439554690134497;0.826663776638493;183;182
0.32608513045532506;0.828132773618331;215;183
0.2960230903330969;0.8381859612379445;183;197
0.33878017255426746;0.8380122793866395;201;175
0.31876000525267795;0.8323110838025555;211;176
0.31454531474199693;0.835901826366047;214;197
0.30485586187871627;0.8421194253369544;212;189
0.3431050795298279;0.834938712449443;197;156
0.32944558723376405;0.8422487094505942;244;202
0.31067691943492093;0.8423303104341908;210;196
0.30359858959273356;0.846103015317007;207;185
0.3166482947601428;0.843867499782378;208;183
0.3093934825779734;0.8470110301129095;200;217
0.29351440770472503;0.8474558500281865;203;186
0.2936196167729467;0.8454473069969682;200;198
0.30209315519292407;0.8494952672995594;186;232
0.27474867828030075;0.8576423883283161;159;167
0.28897409917575534;0.8419461771508003;186;210
0.27553873848716043;0.8556997988743807;157;201
0.2725187131250597;0.8481955210546297;177;171
0.27483369088358217;0.853001527330358;177;209
0.27329743122106465;0.8513978611343573;160;173
0.259678342398201;0.8622016417672831;201;194
0.2914907364398787;0.8487084325833915;196;202
0.2687407360592417;0.8570540005978805;204;193
0.2656024517377721;0.8569977573173508;215;199
0.2582997740764496;0.8593263893788105;194;224
0.26690717775196965;0.8595743431493952;186;162
0.2514775359016721;0.8587210866371748;214;209
0.25441132305609915;0.8586867956418055;217;181
0.24154885667852888;0.8596214463369146;225;213
0.26426561160278067;0.8597137394733811;226;195
0.24919673380505783;0.8471668066662466;175;208
0.23934631685103758;0.8543922282536196;189;208
0.24709971334420727;0.853021941172576;213;191
0.2423274698312132;0.8519438577366054;235;230
0.23167049699655626;0.858806498159289;199;184
0.23390097244415933;0.8600794300327893;254;241
0.22399455512844238;0.863141886457788;223;225
0.21263719117583982;0.8566783976299477;219;240
0.23607406412923923;0.8610379201819516;205;175
0.22592636895700477;0.8523941116506459;198;171
0.21249567741964212;0.8559830544393572;194;143
0.221737003488815;0.8557029932033433;231;186
0.2201121132646625;0.8527427148682447;200;138
0.20128911486609308;0.8533874142370007;217;137
0.1907843500387159;0.8667143712080031;238;114
0.19907054035598243;0.8633679871267113;229;162
0.18837468912967167;0.8660237566608789;230;131
0.1769085913810296;0.8662621796087449;183;115
0.1750326670988569;0.864191510884871;235;120
0.17959816429693418;0.869125747099131;227;146
0.19603950845833046;0.856726306372704;208;126
0.16772293526722792;0.8654143649738271;208;154
0.18084834052289953;0.8688124335084458;217;122
0.18271211755927796;0.8618383931370776;227;143
0.18992430030629795;0.8586887198117104;210;154
0.19652291012370526;0.8715918896351023;220;188
0.1953603488300707;0.8660735641342708;229;200
0.19088774654566157;0.8516350042063034;245;215
0.19340146212339146;0.8477326298390953;212;163
0.19185376213144806;0.8566650272141484;218;198
0.17713316239733926;0.8644297570409247;217;144
0.16382119133330814;0.8576191553494008;216;150
0.18853247139070392;0.8458150811895416;246;155
0.14674304749889452;0.8572371102581838;238;160
0.16772782586754525;0.8620725996538507;228;183
0.18362999580150263;0.8521262692051962;229;212
0.19301284405730196;0.8400120442213287;247;191
0.16408016294149946;0.8608597885922289;226;176
0.16183354810678602;0.8579239184814613;197;204
0.18930129474088392;0.8334943403948836;226;195
0.17517890288471835;0.8416385934175823;241;207
0.16355825644810462;0.8414811514954986;231;211
0.17398409062677367;0.8301196023425759;189;210
0.1728862845491959;0.8418190518502171;219;215
0.17719019110888443;0.8228189726685613;219;186
0.15543362312484385;0.8369828550681316;250;245
0.16528131518455833;0.8293662515594431;244;199
0.19219530320116707;0.8208043433018969;228;200
0.17535896618713295;0.8129349922406401;208;205
0.1614860836741598;0.8223784192419368;239;207
0.15808837214415747;0.8110480136759948;236;225
0.17421913919672402;0.8244833812677016;268;209
0.16707387617338515;0.8108510590079385;229;161
0.1643818992822936;0.8047010593905428;238;172
0.1530121997706687;0.809464909110638;238;183
0.16036616467279968;0.803738181597173;228;216
0.1528071435461569;0.7962028035475041;243;222
0.17187253275230083;0.7915471651371303;240;182
0.159805771692501;0.7973861893021335;219;178
0.16358611326046593;0.7965017978217822;223;156
0.17981778431489878;0.7830722277982268;239;194
0.18167535780021157;0.7645982749946102;238;198
0.16753966689293673;0.7841481998377302;248;209
0.16723621002069453;0.7840497333889199;234;161
0.15332843735068866;0.7836012061642231;258;158
0.17300270552383576;0.775559035149513;255;186
0.4929343620626686;-0.2155566538385463;218;189
0.18873222849866883;0.7645865547313218;233;216
0.16749522296858968;0.7682159208832933;216;185
0.17452428017744046;0.7627452750801224;224;179
0.15984433496309275;0.7639233557076358;232;180
0.475996907197377;-0.20743439558471416;244;211
0.17649247018255804;0.7484903573907202;249;199
0.22423267441565692;0.7427405593352767;241;170
0.1924873866815715;0.7454289113239938;235;217
0.181768961890696;0.7500311039828942;222;166
0.18241272350177387;0.7391396291400152;220;182
0.18476969846306732;0.7321520019838124;251;207
0.40915085370970894;-0.19553447246169042;242;204
0.4342563066695434;-0.1714388953824567;248;192
0.2032406532165808;0.7262849976668015;235;207
0.415758268957638;-0.15102023051645727;245;202
0.41291071285421893;-0.1575691077634802;257;217
0.3910739161946426;-0.216075637177936;212;164
0.21596285701399437;0.7292189910776773;252;159
0.21266553812079622;0.7263613479342146;243;172
0.3591204262365963;-0.19696969122077637;223;159
0.28747385317595464;0.718194168725738;286;179
0.3898615992164169;-0.1378381116873634;250;167
0.2388767450415199;0.7299228866266323;245;145
0.26961967766584266;0.6944390888713174;249;156
0.3764966221112366;-0.17804335719713704;256;113
0.33622371514127386;-0.20302520846396066;267;84
0.37616463647608966;-0.13221596119375642;254;127
0.2802507757640741;0.6963972253989582;243;139
0.27137799850516403;0.7047922576384634;208;126
0.266416483189441;0.7227804107717176;254;95
0.3636197314743429;-0.14208236314038333;243;136
0.29648028917114044;0.70329800933585;265;139
0.28660767243195495;0.718945268948625;263;130
0.3452078395356869;0.7010259902816224;251;152
0.3063622891384753;0.6859904444695681;217;107
0.32579435216636665;-0.3024154050446707;264;135
0.27915562519102916;0.7245359764483239;245;118
0.3310103524777088;0.7309900381441448;266;96
0.2804893058433885;-0.18595589530879958;274;94
0.3086103846614764;0.7357425795487682;287;133
0.29656203126200964;-0.13822513649063822;238;99
0.307435187622815;0.7337530252656378;208;100
0.30691091494576694;0.7268154752581852;285;123
0.3101239647648892;0.719489654439504;289;136
0.33911731762782255;0.7320035293978144;291;138
0.3190356559818423;0.7250197918648507;312;130
0.3573194429486001;0.743136979918389;307;120
0.3267565241240274;0.73815302784897;320;134
0.2755966317923607;-0.22865931331786005;311;144
0.32794531842846875;0.7314397558642702;297;149
0.34181017941786007;0.7258011569986664;303;104
0.28699194986231547;-0.27791257544978754;347;148
0.3186486134184885;0.7460509679839875;349;140
0.31061304456346;0.7505779325499842;368;122
0.28495906822453954;-0.2713361283267822;328;124
0.3154987372537036;0.7490486349573977;367;160
0.30653052220065374;0.7634783439848222;327;132
0.28486894987078737;-0.26472008833664085;313;156
0.2675031137665549;-0.2569249657301106;339;150
0.2292150985332589;-0.2998306509757088;268;143
0.3177393567716486;0.7563479162205666;354;148
0.3290271015570896;0.749807053235891;355;169
0.31677165647805555;0.7632502866443347;352;150
0.2661017283982908;-0.251321975849572;346;150
0.3516259888504225;0.7375650289575503;300;181
0.23069142461370895;-0.2972107301528013;337;196
0.33130287412541964;0.7574707336739636;368;185
0.32840531111805576;0.7662522182664309;391;219
0.3364481254826269;0.7576929063674027;318;192
0.3165696176272211;0.7666876590619024;368;218
0.31798837176399325;0.762734327338239;384;209
0.3072246208274122;0.7789711059432871;421;243
0.3133608694182341;0.7721030374259148;387;186
0.32735530771074756;0.7610404581506618;397;184
0.21485154193490197;-0.34563721443374357;342;197
0.2233898043980232;-0.32699712857827984;380;214
0.3306893762851542;0.7683021987705854;398;204
0.3016991094126657;0.7735892643995907;397;191
0.30188443372243945;0.7846617520220104;346;193
0.3128839890756645;0.7750086659647593;380;191
0.30793724249947146;0.7818302017880755;393;202
0.31841557397336573;0.7713308655328898;401;157
0.3195869472926751;0.7778618734746119;356;234
0.30880892534408894;0.784433145148806;392;214
0.31662102464039854;0.7785849239037407;380;175
0.21145488435047785;-0.39081200185192994;373;247
0.2979984238690083;0.7876308636231565;404;248
0.2300892432166692;-0.3781775048295117;367;228
0.27613363951038855;0.7933315873598501;341;196
0.21439800738482356;-0.4061403987838621;333;198
0.23210598177667371;-0.39314010233822294;367;256
0.23552669215542138;-0.3884926108146583;370;258
0.2178053307985527;-0.4267504289393733;290;248
0.22534430636520292;-0.4163002999360262;328;253
0.30250973167835854;0.7902161485031183;349;248
0.3016781083014222;0.7892364272943525;347;245
0.3081132918028665;0.7890294711242284;268;223
0.20660942231525994;-0.4361657100154978;312;255
0.31832027492902515;0.7839037590696217;303;252
0.23332085129498753;-0.41666164685876517;318;272
0.21791105845740258;-0.4253644124598355;326;251
0.2087232373943248;-0.4440721743046983;345;287
0.21113666117411461;-0.4384693927528778;351;266
0.2615692172432543;0.8103602926977134;346;266
0.22715632404436492;-0.42844494498898983;346;280
0.22109211584573324;-0.4466614497603567;313;244
0.29495116062949356;0.7971167037059159;345;216
0.22197525552839997;-0.45336913604058293;340;287
0.22169102186296177;-0.41881257673209127;344;282
0.22604687827969738;-0.4511301219517444;339;260
0.20131923862405635;-0.46139392857169365;337;258
0.2213059645839449;-0.46683536899937755;328;308
0.23752149826438249;-0.4547117199772965;331;286
0.22101220446705597;-0.47921410998757624;340;291
0.2206321662826767;-0.4507420061201783;372;294
0.2172132685096343;-0.476530876714054;340;277
0.21509199663243583;-0.4635955522194258;329;271
0.23770628820449785;-0.45437918662576354;340;270
0.2217580070573905;-0.4833154919760263;307;306
0.24365837846046667;-0.4575272810036812;321;329
0.22313137175171618;-0.4640730919945317;307;263
0.2346232216637224;-0.47556288773313976;349;285
0.22322598615500472;-0.4556182666186004;341;302
0.22150617213468785;-0.46652520769144645;320;314
0.23572366202439016;-0.47833520598297385;327;288
0.24954697132001993;-0.44899611336472656;333;340
0.24120328589431628;0.8234611674097976;333;311
0.23893854932473524;-0.4737881237223553;357;329
0.24864183319995142;-0.47290573290399573;354;284
0.2478016105275172;-0.4587169844085969;339;329
0.254868448820948;-0.4775741283868949;302;310
0.2490437072795586;-0.4876832643914758;333;328
0.2691879783783121;-0.476906312666685;324;319
0.25367512587050556;-0.4827475619585962;355;324
0.25569540218731635;-0.48180844631818565;333;332
0.2525440669841095;-0.5083288741665518;323;348
0.27856630352659;-0.4732875367993799;329;336
0.2723419876373185;-0.4882734347852841;342;321
0.2437338880723111;-0.5088318969613771;342;343
0.2599401953622597;-0.4907757950792304;358;333
0.28071586752721184;-0.4940011359786409;266;358
0.25462613399716816;-0.48223693813207674;294;334
0.2359479132308057;-0.5058977452251577;339;321
0.2840186847537464;-0.4889219286834259;327;307
0.2483663027407082;-0.49990123303000794;338;295
0.26842499122799446;-0.5001315126500131;334;305
0.2730185891906461;-0.484550499754955;337;361
0.2852854705131633;-0.5027633152280055;309;361
0.25394224134515186;-0.48997592131310563;320;298
0.27999171855758154;-0.49128516032585623;330;330
0.2742730685082849;-0.5002355623259633;328;326
0.27130813314427177;-0.5014884754883203;294;357
0.2770274130648768;-0.49251178773441034;334;357
0.28209262561929443;-0.48900062513343084;306;326
0.2943981381446036;-0.4972057081156627;300;339
0.294570344304166;-0.4876514177429091;315;286
0.2844167890466276;-0.5021521918614479;266;361
0.29148741283833934;-0.49082125235983853;314;322
0.2817635785704976;-0.4892351422604778;307;345
0.3026308422895656;-0.4855882241925699;314;266
0.2771755332247627;-0.48770134534943704;250;234
0.29145920940696324;-0.48814712865690035;286;249
0.28211477139269486;-0.5071608129647407;270;248
0.2832015823153302;-0.5041478383218827;290;216
0.27424846790752305;-0.4835702927302513;273;295
0.28240512410689855;-0.5047356037262433;288;231
0.29757884757481035;-0.49504840852743376;268;252
0.3013828512785997;-0.49634041643832244;284;304
0.29207067755423016;-0.4762758333693732;260;294
0.3222030371184694;-0.48434852024095376;295;260
0.31345276908958036;-0.49561389004130885;294;308
0.28938960479692705;-0.48135328658806475;302;290
0.30009851141948135;-0.48370474158683097;289;317
0.31291732798081784;-0.48686195268202953;282;266
0.2967693913427708;-0.46385350344693327;292;315
0.3166875239849596;-0.4910591704978538;294;334
0.311833681724243;-0.48688280701160075;307;273
0.3144321866507246;-0.467371147586377;290;300
0.29290733281589393;-0.48266360115004714;327;249
0.32015643687116724;-0.4744349513083857;326;322
0.3106752344365104;-0.4613664092330534;276;322
0.30025472753821153;-0.47531100368779855;302;202
0.3167194202100168;-0.48698851540337806;303;306
0.3168660587226089;-0.4852831785256844;321;300
0.32826879346575133;-0.4814228769987436;310;256
0.31940065188424127;-0.47435506540459993;318;303
0.3010495732248046;-0.45546911746721536;321;313
0.3409149859795295;-0.45103540760538097;311;278
0.3100104157252032;-0.46906369602076686;307;247
0.30824540646889254;-0.46541017047047956;332;305
0.3131239854127519;-0.47034311829717484;289;279
0.3478658786226035;-0.473892568932673;316;266
0.3425262752328521;-0.47968498961167805;318;267
0.3211631472445625;-0.4427437453545607;311;260
0.28015409074608355;-0.4606294365356515;278;287
0.3380093936375568;-0.43747473163842265;301;250
0.3295914175239348;-0.45579727271808795;301;260
0.32850502876423865;-0.471134199432491;344;322
0.32833544280777005;-0.4502664058882488;354;257
0.33349517422869;-0.5076110733522172;322;63
0.3044225365651367;-0.539553381836763;282;50
0.34204563435193447;-0.4497924558304801;300;168
0.35642714730898645;-0.46977047897252705;301;113
0.33508859490773446;-0.4512211441995829;316;219
0.3191061484113684;-0.4656872777827646;289;349
0.32017781920689375;-0.4677052119965781;323;333
0.31287432743608273;-0.43234336278982305;308;343
0.3280493432631157;-0.45408512594833955;276;299
0.3123840856891627;-0.46284686013888215;322;301
0.289764071742291;-0.46186694580894405;337;254
0.2982599185860736;-0.44464519945721936;332;268
0.30636937659757035;-0.4395156473709021;316;286
0.3051426713961916;-0.4569432351038175;304;298
0.31580403008611563;-0.4450622456398833;317;333
0.30867664779361925;-0.4346949356376681;318;282
0.30010056783709177;-0.44910638881658965;225;256
0.3005878410138964;-0.4405818965096018;296;325
0.33582504735608765;-0.46004249338067577;295;312
0.3275313237286616;-0.45379013514272554;301;250
0.3098050149100503;-0.436925521434497;271;235
0.28745722998119855;-0.44417285831356673;279;281
0.28314232564672226;-0.43309304581293745;236;290
0.303437106791205;-0.42734957721607836;264;239
0.2907356166718912;-0.43035983153690893;285;243
0.2895032792275854;-0.4267346840841722;257;259
0.298980129610644;-0.4303567535117928;279;228
0.30322479262281715;-0.4351344321169709;219;190
0.3120229237090194;-0.4357236673345314;257;235
0.27669094937307215;-0.426836407044521;265;239
0.316124682749876;-0.43473645554220214;240;183
0.3162291803065637;-0.4361346996345099;247;231
0.287652800452763;-0.42962007399502683;258;214
0.2767994882666601;-0.4173701093491081;251;239
0.28849828285300544;-0.43264920029005005;240;221
0.28772378449891767;-0.4361566207556067;253;193
0.28265926290294996;-0.42520186319666414;229;195
0.27335485173642016;-0.4152144737837435;228;202
0.27067507467717894;-0.41352108317594133;261;219
0.2664628188624253;-0.4108187902813569;255;215
0.27438257603889205;-0.41161400341320253;229;208
0.29777999805321953;-0.4202258930721043;267;204
0.2823828607636923;-0.41803075686250923;258;230
0.27817658166073117;-0.4216646058788387;237;168
0.2629280125657703;-0.40548394584790215;250;228
0.2640978609847315;-0.4047729828187401;248;200
0.2783638727260285;-0.40914196143947934;254;238
0.26064127537438947;-0.4119501826615053;240;224
0.2703025699629961;-0.41836857812539113;239;224
0.28144773470951834;-0.42314308646057763;241;211
0.2707735775072537;-0.401981378576982;256;202
0.2827430175874688;-0.4066178434846573;208;210
0.28251827557913695;-0.41141027339717784;233;226
0.2679808942601357;-0.4169296957095542;249;173
0.2748295510573759;-0.4204878376986886;233;193
0.27386448047964534;-0.4112480964647467;219;203
0.25546534470362614;-0.4178796476018996;261;245
0.25816798357036863;-0.4294707069969251;245;179
0.2561632406756249;-0.4156848670275366;221;237
0.2545736895086388;-0.3917909796204066;175;172
0.2644564070778613;-0.42089832954139833;184;174
0.24054710816850494;-0.4263188132654156;135;117
0.24359382449349706;-0.43021056070107655;158;148
0.2684015275590889;-0.43435740725402694;155;142
0.23896104949236624;-0.4172442694886776;199;153
0.2717233353735112;-0.4180639259712707;182;153
0.24830955199890134;-0.42042431160610333;147;145
0.18182187498504188;0.8002301481531606;242;186
0.2465151529140244;-0.4166497262789542;232;209
0.24160676904067097;-0.4035997380971098;221;186
0.23950746925663013;-0.4148525340443104;250;181
0.26584865588752926;-0.41902516751042435;247;171
0.25255668091641575;-0.4437318894352483;243;115
0.20341815032017913;-0.41795643312493413;196;149
0.2536514908063925;-0.42758058362467594;232;118
0.21866112641776703;-0.4336248868673987;186;172
0.2170967191626619;-0.42609620605279336;230;173
0.24397039786119387;-0.416625760101275;179;157
0.16780737791754632;0.7999448483441705;213;134
0.24120215624761562;-0.4261733893732979;218;142
0.22626223796420766;-0.4190641458877069;216;129
0.22367877426417285;-0.43199919395256914;241;107
0.16300507362946987;0.799828762062137;185;127
0.2495612551859605;-0.4302345819632405;235;116
0.21944868299555106;-0.4426782531903409;258;106
0.22406347346689334;-0.41611765512592247;244;141
0.21475738512529183;-0.42694463235473223;251;124
0.23177417885493662;-0.4181568565092311;235;112
0.20720707581984676;-0.4215018193684048;242;90
0.16623361323995609;-0.4352288332082302;257;105
0.22040771197156225;-0.4338216337005268;264;106
0.21509720975969862;-0.4360885815549888;255;110
0.22864650234587944;-0.4298061558298171;218;116
0.14556992272077834;0.7942735372253524;221;113
0.14844068880375197;0.8013148191874905;211;126
0.19067809760548868;-0.43156524662729906;221;132
0.19187524911119702;-0.431363625542255;192;99
0.21856107286406384;-0.4306262286777977;222;104
0.236131355524096;-0.4395058927883293;234;105
0.2582485145088765;-0.42311318184414665;255;89
0.21353355476158406;-0.4512328347889557;215;102
0.1637100423538887;-0.4414859632730982;223;108
0.19640776502915838;-0.44481165320493166;272;107
0.22691707542197356;-0.4455844323719314;266;88
0.192706077648897;-0.46106962451570815;233;111
0.24554795423643408;-0.4601805355111366;222;113
0.176832373849758;0.7955435540838254;294;126
0.1927663558111741;-0.4457710732083238;277;121
0.16753369036321838;0.7912787719327423;304;114
0.22005331880094586;-0.44718244816580277;287;131
0.22184085843048285;-0.45424974682260494;327;110
0.2522462168183749;-0.4440869265733367;305;112
0.2230430539453111;-0.43962828106558177;314;105
0.21369340769422804;-0.44020904361833985;310;134
0.13761881500924888;0.7894733977092946;306;104
0.21085941355939067;-0.44683411510421506;321;102
0.16685328424597887;0.7910353017455143;357;114
0.2038897661819609;-0.4268700079047431;344;115
0.13809291963425174;0.7978041989252516;337;104
0.2073653408969494;-0.440579638206659;323;92
0.1684079627193297;-0.48219101962255334;313;86
0.22010250857371114;-0.4283262005611265;348;78
0.1854443171549771;-0.4427778142298345;329;93
0.20803268960338167;-0.4494133862795667;329;109
0.2127013736237884;-0.43409083245989527;343;97
0.14762377399882534;0.8004456114048001;341;80
0.16015964062201146;0.7872287329775265;328;85
0.1989845707034734;-0.4594254927479426;328;109
0.1785115005233234;0.7975514473614929;366;90
0.2377711075988062;-0.4485523743549366;365;108
0.223712012246769;-0.4637434269309793;370;104
0.17534347339532233;0.7889113159683799;359;96
0.21754919472437403;-0.42733844222945644;345;86
0.1774674311715857;0.8036296606581936;376;117
0.22497379324801334;-0.44094502437860966;309;108
0.2279380106448097;-0.4494775925008015;356;100
0.16731206324868636;0.7947299869932275;351;90
0.17490012340186126;0.7986498973808055;336;127
0.2041421226264369;-0.45686196183195465;331;74
0.28440641236895453;-0.46676658796385845;373;122
0.24390317575536438;-0.41860814055932916;360;75
0.21160708877976198;0.7843129222872426;326;134
0.23130067625400835;0.7744875976799586;343;134
0.3110251500268228;-0.4101835390137453;349;145
0.2904535776216767;-0.41749013535477364;353;114
0.2697110518049658;-0.44489641595947194;305;115
0.31240239335061065;-0.4333822081551211;320;103
0.33029602653962487;-0.44507384754843693;318;116
0.37214862214478;-0.40910317039742433;336;123
0.24191735544986612;0.7733237224470922;320;128
0.27826088723029024;-0.4499130636500135;313;152
0.2248404853092045;0.7753019681001565;306;128
0.20613980879027702;0.7767185568884064;332;142
0.19281195166673895;0.7823704209584462;316;118
0.3012184738855474;-0.4257462806119183;309;139
0.2804025485458514;0.7626985628448953;279;116
0.2815470360651884;-0.4652602363414272;297;151
0.27493121686550376;0.7643105414010745;286;143
0.3071348395456911;-0.42758407419039085;292;141
0.31805784252556857;-0.4492074643120204;247;138
0.29867069051491446;-0.45116306770788;279;135
0.2853675748144223;-0.4539903221062503;293;144
0.28573072164201213;-0.46979449100513515;293;131
0.31939982944587014;-0.4545828949978811;292;151
0.24852109453935053;0.7682213685997771;297;143
0.25397401709123435;0.7733078793499358;285;149
0.3320444350626445;-0.4051030453424656;282;156
0.37101260614840814;-0.41611935875162914;311;149
0.318327944924737;-0.4370247286895995;257;153
0.23951527636366787;0.7899539996261774;291;165
0.3351350842137428;-0.4299988872694776;310;167
0.33565899579672853;-0.3966733625442574;280;162
0.257225784527204;0.7902026646419145;287;172
0.25015698082144155;0.793062052472788;292;163
0.33596517759872757;-0.427071570573406;279;182
0.23802281442659345;0.7973773107997533;295;176
0.31783664651266774;-0.43255599448069243;283;170
0.3491829933793119;-0.4279483391297012;299;175
0.23494269836817464;0.7912574167773262;303;165
0.22717016109696228;0.8001837802002743;284;180
0.21973540162350383;0.8008845207099708;274;165
0.3114100559012981;-0.42110395789445176;282;175
0.3486371884500687;-0.3980625796832723;268;145
0.21710200335846006;0.8002278282787996;256;160
0.2248427009376546;0.7953197471133634;269;159
0.3354435606399323;-0.41542372667569555;260;163
0.3078793118891939;-0.4041679952502139;308;168
0.3478991272626119;-0.41389880646877164;279;148
0.23549317959935412;0.7922858430391864;287;146
0.33911770664088103;-0.41513388897388115;282;155
0.311231759407855;-0.43335236102466707;285;178
0.3193011315847469;-0.4219156357402666;282;161
0.21745967767693958;0.797032959993261;258;161
0.3542193782480829;-0.43751904568413047;279;153
0.23481139522033076;0.7929588696845394;288;155
0.22612148367598087;0.8012755822022656;281;168
0.22397400387314786;0.7952607581810011;305;158
0.24397169073648978;0.7908198472900788;280;163
0.3543507214489323;-0.40217439383101644;285;173
0.32193452844123027;-0.4310323917359748;287;148
0.3045126399896009;-0.392716865735137;258;168
0.3096720675141033;-0.41246479305096606;281;160
0.3162145281085465;-0.43695505847833416;316;175
0.34253209147281366;-0.4275791545298073;301;181
0.29537572766139136;-0.4301295753364199;292;164
0.22069462410585355;0.7984221923480442;303;185
0.3121698283348064;-0.4234649051050569;309;147
0.346715882287081;-0.4220501084149579;291;142
0.3187394677320277;-0.44343373882719916;298;167
0.3327225272378192;-0.42344425273365344;256;155
0.33817600851600255;-0.43622629664816204;292;188
0.33057558814760185;-0.4338174159686406;283;163
0.34080896501907104;-0.4000122880375199;292;172
0.2331658387946441;0.7946517013944624;292;146
0.3240985389161508;-0.40118577844539627;301;171
0.3399797618010425;-0.41108279245101526;278;156
0.3380261656571168;-0.42148422315406775;282;157
0.21947405801557993;0.793098993513856;263;169
0.32166073170789194;-0.4148887958018255;278;148
0.20751261992080414;0.8068319676659064;287;173
0.22780430239263902;0.8043342218407499;267;133
0.2213258146909648;0.7959865101715976;285;181
0.3406809398548672;-0.43476643803225457;249;135
0.24101478733751636;0.7950820480317821;273;163
0.22253562930622597;0.7986735131967105;259;176
0.34366787839902846;-0.403897814424474;287;161
0.25284204527714876;0.7822573690421977;286;148
0.33285879828676673;-0.41361563117014255;251;163
0.3551252259427739;-0.4250866470278031;276;173
0.34767354054580074;-0.41937336851326057;264;149
0.33190683657677567;-0.41099322899401625;263;155
0.22468096990889144;0.7908606131231527;269;165
0.3357399669925359;-0.41122177200878607;277;169
0.224647864256258;0.8006424144090735;262;170
0.3434354823253917;-0.4209265944202008;256;169
0.33559106750738205;-0.4012704610797138;253;183
0.34908204806413645;-0.40538728069166863;252;178
0.33373770515852347;-0.4086077115921414;255;154
0.3109713755906537;-0.41057248236978117;252;181
0.23107146910544607;0.7962018745722101;248;153
0.36746686177711785;-0.41736885518007194;272;171
0.23287071510560237;0.7951076866706235;276;193
0.3235147786837231;-0.42684531421828625;247;147
0.351018576860672;-0.4039725812941355;252;201
0.3564643138403385;-0.40124277460964686;266;165
0.3289379288608186;-0.4141829196269906;258;190
0.36257403635459035;-0.38943242461591243;270;159
0.33143738643735693;-0.4118727914639899;252;200
0.17835095135276374;0.8128125182880637;264;198
0.21144019495464916;0.7994933740046529;261;169
0.3104865797143726;-0.4125551645456281;252;189
0.3322937745598181;-0.40822868937443835;263;166
0.20959177107451343;0.803531835629798;215;194
0.32653383399218894;-0.4095201749302861;252;214
0.34747466739376615;-0.4119149597383315;256;169
0.32381120803078256;-0.4134949987654156;225;190
0.27388862256004176;-0.4045270315048958;248;196
0.20240362927101044;0.8005712839367687;262;176
0.1988443461142839;0.800207517078355;252;178
0.3071741405696735;-0.4101086932576355;246;183
0.29306744825804304;-0.4095853672194749;263;177
0.2183367337561409;0.7948729485304115;262;187
0.20321425406360785;0.8032334713418798;257;187
0.32196728699580135;-0.4297378119285949;269;188
0.3088190581520579;-0.41429974828714167;262;165
0.19030376934820945;0.8034567562374533;245;212
0.3382082217985491;-0.4002446800851383;266;191
0.30119168727912826;-0.4142440876678103;249;150
0.2979509880023454;-0.41675390055521455;264;181
0.27741605883044956;-0.4171637846088123;265;191
0.2684152783582388;-0.41060690913929143;263;205
0.19994697918228496;0.8007570620826995;252;212
0.28703860366224515;-0.4138035167690597;258;201
0.1926167340753612;0.8035711764467199;232;146
0.19728589465355986;0.7995150133953478;235;181
0.18666756950018268;0.8018496408403991;228;179
0.18442352906688617;0.803699233394709;235;208
0.19374933961218482;0.7976313440761054;259;170
0.18141883662234665;0.8034300921405456;245;183
0.26479018709188745;-0.4242228078891827;210;163
0.27692430212287844;-0.41968542782789636;261;185
0.2667981331278768;-0.4257722070464089;249;177
0.28280868171900864;-0.42370700904312025;246;155
0.27270442740616285;-0.4161840157285661;241;195
0.18515520591073;0.8059708950956357;245;176
0.1812401087567247;0.8017619989279562;248;161
0.19134761556586974;0.7994463383168277;244;147
0.23981810440625104;-0.4260186994379989;223;188
0.1837901046252028;0.8053867189450411;213;160
0.24949089454614204;-0.43344611238768443;207;159
0.1861033603103551;0.8016307554761001;227;118
0.16818044819299588;0.8018590680590724;213;154
0.24412967955062473;-0.43850851726014867;194;152
0.26472630086897625;-0.42261204693790083;212;119
0.25153035911089766;-0.42531745520755787;198;164
0.16285860071848626;0.8070957734609131;207;118
0.16972804186570287;0.8054191058382623;197;146
0.18937719229422204;0.8077041539612038;217;148
0.2569604557437856;-0.43630356189496955;210;140
0.1766551171172192;0.8038486273392311;179;122
0.16773863430022842;0.8039231137893283;182;144
0.2638979981184502;-0.45003111260304;182;148
0.2414771265626667;-0.4261092048404277;169;157
0.2231160596103704;-0.44209315648402936;192;169
0.230647800195334;-0.43641442761436877;201;169
0.1625031366068736;0.8088829762843169;171;152
0.22868624651770345;-0.44997272979513736;186;157
0.2468712739903781;-0.4549209557133942;170;187
0.23532184771627113;-0.44496367215994154;181;144
0.2343424176382475;-0.43943273003975547;157;163
0.22048448031731843;-0.4559100047419338;176;145
0.1418256241834261;0.8096298649144701;152;149
0.14600089931243915;0.8081597406686056;160;119
0.2217452469335239;-0.44443958047094556;140;153
0.24376741484032868;-0.44119834205247377;173;162
0.21443218880460851;-0.45182916580369537;144;162
0.24111035667572497;-0.452270481323206;139;154
0.2378312604496503;-0.45106934748028593;170;142
0.13643388573557463;0.8108776183398333;144;160
0.23308120120107162;-0.4400393160190858;158;159
0.24511659773586808;-0.4566983070952185;152;142
0.23743158901448955;-0.448951971901805;149;139
0.2285897832564587;-0.4392150565656985;155;165
0.24054895523164863;-0.466679674740697;131;138
0.24018067113177655;-0.46084899192490997;147;144
0.23615633322155988;-0.4462310409883609;151;158
0.23051223357642245;-0.4563042981328335;155;147
0.23496658269268622;-0.44515292516546623;141;169
0.22963594092826695;-0.44638056142677224;147;136
0.22876445028552694;-0.45080723811033985;153;162
0.2200830801079736;-0.45765755251019563;161;183
0.23232260619783882;-0.4517044147048565;167;153
0.2367541125667414;-0.45244112992324836;138;147
0.20041945621621884;-0.5016195134118567;145;162
0.25134029960613086;-0.43871610603314676;156;162
0.22424151751452692;-0.4763602514965882;150;149
0.24477255991935393;-0.44674328875741365;153;187
0.2390686894486696;-0.43614212377330625;147;184
0.2556360015398435;-0.44477725639635424;165;177
0.24639451943641;-0.4537006181178293;140;169
0.24814944644186845;-0.4578164985413269;166;176
0.2615360501532223;-0.43150659395206536;139;170
0.2756798543252582;-0.4331986806708911;153;159
0.15417953569585652;0.8015980409818325;134;161
0.2476204135301926;-0.4691450410816007;152;191
0.16566441021325573;0.8086210277939259;159;202
0.23988793223877022;-0.4661468222590475;136;163
0.2816511137803585;-0.4393751192867979;123;180
0.27803167034991655;-0.44648791490322376;161;188
0.18870311975380907;0.7991039407165181;167;201
0.2726081746938853;-0.4235626546544652;171;201
0.27204501281270393;-0.45103457080890824;184;218
0.30019113469908715;-0.42303209999057745;165;215
0.2818508913670497;-0.44952482064785537;156;191
0.18402389854976486;0.8005164668156518;156;207
0.2675362704641089;-0.428974080466192;183;217
0.294788177453227;-0.42324605874223803;186;237
0.28051045174154154;-0.42570548566695326;188;197
0.30146156406458224;-0.4381295863762676;176;199
0.2656090314536693;-0.4362500590655284;139;188
0.27265791663763533;-0.4390143090787496;168;170
0.2511889705453679;-0.4649355779654787;158;177
0.2903096142935736;-0.43810725547657786;167;205
0.17063308111014303;0.7987342644735308;156;204
0.249853910874687;-0.44256833242434096;139;184
0.18729987944503834;0.7899302783707369;167;196
0.18188341895791793;0.797958245583557;174;176
0.29407726929599953;-0.4129653935072314;167;178
